# PRIVATE_KEY=[108,234,216,206,58,34,110,130,220,248,125,45,54,13,173,249,215,170,110,126,147,102,155,138,213,114,110,235,124,180,66,128,163,235,171,14,22,68,6,62,183,37,128,101,113,109,163,76,5,217,59,131,197,48,144,192,176,101,126,183,140,47,102,24]
# PRIVATE_KEY=[76,136,189,77,118,217,252,31,90,170,9,127,109,163,161,210,167,247,16,201,199,166,211,239,158,170,35,184,84,215,133,141,245,87,98,122,163,187,139,227,236,74,116,161,179,154,157,101,62,146,104,163,216,106,241,247,6,197,163,221,57,96,207,22]
# PRIVATE_KEY=[170,251,131,188,45,152,187,96,217,102,141,114,216,138,58,56,216,155,129,99,227,68,192,9,98,98,178,9,7,0,45,205,1,212,190,203,150,148,61,24,150,129,93,184,42,249,197,222,164,86,58,54,118,35,112,104,126,18,72,203,9,147,255,205]
# PRIVATE_KEY USER A=[59,35,113,132,224,98,119,105,229,61,66,18,189,175,53,249,148,207,31,145,234,107,148,185,150,132,88,199,177,37,110,114,48,7,43,228,190,140,229,177,18,104,87,98,171,169,97,127,61,131,11,167,225,12,109,148,205,78,204,132,133,221,226,182]
# LP_PASS PRIVATE_KEY=[21,32,225,101,40,108,11,222,183,187,229,96,27,106,94,112,74,114,141,243,5,245,11,149,137,56,178,89,92,171,60,157,138,54,116,115,153,35,15,90,97,244,206,130,87,114,36,139,1,156,59,29,80,9,61,22,29,74,185,149,105,143,165,40]
# PRIVATE_KEY=[148,220,74,86,68,72,55,74,186,215,223,48,99,219,180,164,171,193,88,243,177,43,122,156,4,162,36,208,148,118,102,186,234,250,119,2,109,159,135,132,83,102,140,128,240,204,106,254,143,207,169,205,250,127,158,204,12,161,221,26,217,245,90,233]
# PRIVATE_KEY=[156,207,246,138,208,179,124,227,176,87,16,116,37,90,45,206,43,102,15,36,79,26,169,150,180,70,191,90,91,174,13,133,237,4,166,241,76,106,37,100,243,240,111,40,62,132,17,132,208,190,58,132,61,31,20,69,223,116,197,66,109,245,2,139]
# PRIVATE_KEY nft1002=[134,3,42,103,49,216,106,114,97,103,153,228,130,17,184,124,49,197,217,219,253,4,84,27,229,4,84,6,178,170,220,68,178,204,49,187,162,2,101,9,55,113,15,159,164,97,82,102,89,143,187,216,10,105,162,6,42,41,119,96,145,185,199,165]
# PRIVATE_KEY=[106,202,68,50,4,247,202,188,143,128,243,176,234,7,124,83,155,76,250,115,1,130,232,50,185,155,156,110,254,152,181,85,196,119,193,244,129,44,121,61,201,43,172,136,75,155,142,163,1,232,77,145,119,149,109,128,137,120,116,98,253,123,34,66]

#mainnet_cluser const cluster = 'https://aged-red-snow.solana-mainnet.quiknode.pro/fb65b51e8c315a67b87c24163f238dce6f5b46c9/';
# PRIVATE_KEY=[144,25,196,10,80,117,247,61,255,118,200,72,197,152,39,238,170,67,93,153,244,122,143,203,45,110,157,94,24,25,186,232,22,91,114,239,151,213,4,105,186,244,197,151,197,233,48,73,75,81,109,220,62,170,7,73,48,205,165,36,15,190,124,78]



# NESTWALLET1
# PRIVATE_KEY=[83,6,177,34,5,240,41,117,160,192,99,188,108,90,210,162,218,175,140,138,68,19,184,7,155,141,105,64,195,181,251,221,182,225,200,40,58,193,66,145,237,56,78,111,136,80,42,172,22,199,155,6,236,126,10,189,33,72,27,230,85,192,254,211]

# NESTWALLET2
PRIVATE_KEY=[119,20,123,181,221,196,40,84,58,219,51,6,112,152,248,65,54,202,33,248,242,120,109,127,46,90,174,4,147,243,185,245,32,12,144,170,38,240,174,227,215,189,148,252,149,252,219,31,54,51,84,231,166,200,43,30,206,33,165,157,158,99,133,92]